R1=100000;
R2=122000;
RE=4700;

Ra=R1*R2/(R1+R2)*1/100;

Rb=(1/Ra+1/RE)^-1;

C=1/(2*pi*2.9*RE)