RC=9972;
RE=(118.4+119.4)/2;
Gdiff=30.09;
dRC=2;
dRE=0.1*sqrt(2);
dGdiff=0.01;

